   -1.746166666667    3.053463541667    0.913670138889    0.835696554302
   -1.753187500000    3.078378038194    0.915934027778    0.839919065876
   -1.751652777778    3.072721932870    0.914166666667    0.836640094522
   -1.737402777778    3.023613233025    0.906802083333    0.824131016107
   -1.741604166667    3.038885079090    0.908635416667    0.827354009934
   -1.743743055556    3.045511911651    0.912656250000    0.833995840567
   -1.748340277778    3.060852864583    0.913093750000    0.834865752797
   -1.751597222222    3.073561053241    0.914989583333    0.838410240644
   -1.758715277778    3.098668836806    0.918763888889    0.845318696952
   -1.747791666667    3.059301504630    0.914881944444    0.837883945795
   -1.744402777778    3.047435860340    0.911440972222    0.831741548515
   -1.747534722222    3.058819782022    0.913145833333    0.834951340664
   -1.744229166667    3.048002555941    0.905239583333    0.822181821470
   -1.749972222222    3.067834876543    0.911229166667    0.832146267361
   -1.738013888889    3.025589120370    0.905142361111    0.820776101948
   -1.739465277778    3.030840422454    0.906684027778    0.823656262056
   -1.738791666667    3.029144579475    0.907909722222    0.825775294174
   -1.752486111111    3.076379533179    0.914996527778    0.838391625675
   -1.750347222222    3.068378472222    0.914756944444    0.837795886381
   -1.749548611111    3.066142698688    0.914531250000    0.837528030961
   -1.751194444444    3.071562885802    0.915354166667    0.838932412230
   -1.753902777778    3.080722125772    0.917392361111    0.842556146316
   -1.738500000000    3.027574459877    0.907434027778    0.824756136671
   -1.753513888889    3.079168306327    0.917788194444    0.843134367766
   -1.753173611111    3.078718605324    0.916218750000    0.840664966725
   -1.731500000000    3.004010030864    0.901402777778    0.814913025656
   -1.740576388889    3.035202787423    0.907420138889    0.824935775945
   -1.758375000000    3.096264660494    0.919847222222    0.846917100694
   -1.736465277778    3.020573350694    0.906072916667    0.822589711130
   -1.740715277778    3.035423466435    0.907097222222    0.824211371528
   -1.749041666667    3.063571855710    0.915315972222    0.838689175829
   -1.746020833333    3.053508632330    0.912315972222    0.833459888600
   -1.750520833333    3.069371479552    0.912621527778    0.834096655575
   -1.745715277778    3.052438609182    0.911777777778    0.832440875772
   -1.759152777778    3.099066068673    0.918809027778    0.845169017650
   -1.744993055556    3.050261236497    0.912798611111    0.834315465856
   -1.742208333333    3.039928337191    0.909454861111    0.828327992380
   -1.745680555556    3.053035976080    0.909888888889    0.829334129051
   -1.745888888889    3.053098765432    0.908527777778    0.827108796296
   -1.738256944444    3.026819782022    0.908013888889    0.825863160687
   -1.737972222222    3.025897569444    0.907357638889    0.824750349633
   -1.752111111111    3.074657214506    0.916315972222    0.840667546779
   -1.743312500000    3.045229986497    0.910715277778    0.830838421103
   -1.757326388889    3.092593798225    0.918739583333    0.844914701485
   -1.742784722222    3.042116174769    0.911659722222    0.832268253279
   -1.756305555556    3.089069733796    0.918913194444    0.845250638985
   -1.739194444444    3.029406057099    0.910309027778    0.829698772666
   -1.754638888889    3.083239197531    0.917538194444    0.842780225212
   -1.754069444444    3.080766589506    0.918309027778    0.844010452836
   -1.745111111111    3.050224729938    0.913791666667    0.835879605517
   -1.747868055556    3.060109809028    0.911552083333    0.832683654032
   -1.746166666667    3.053815972222    0.912638888889    0.833857421875
   -1.754763888889    3.083723476080    0.917958333333    0.843445505401
   -1.737402777778    3.024702353395    0.902315972222    0.817713722512
   -1.731645833333    3.004619068287    0.894329861111    0.805282419464
   -1.746875000000    3.056742573302    0.913184027778    0.835015974633
   -1.745861111111    3.052748553241    0.912024305556    0.832951376833
   -1.746763888889    3.056354745370    0.912239583333    0.833390082465
   -1.745201388889    3.050662567515    0.910989583333    0.831224549093
   -1.744625000000    3.048870852623    0.909545138889    0.828899751640
   -1.746131944444    3.054253231096    0.914090277778    0.836630955826
   -1.755173611111    3.085157069830    0.917246527778    0.842293752411
   -1.743784722222    3.045431857639    0.910729166667    0.830602671682
   -1.727034722222    2.988994743441    0.899416666667    0.810883752894
   -1.740263888889    3.033565200617    0.909381944444    0.828161385995
   -1.746576388889    3.055428578318    0.912305555556    0.833528428819
   -1.738750000000    3.029157214506    0.907708333333    0.825448085455
   -1.741763888889    3.038413001543    0.911690972222    0.832137574749
   -1.747819444444    3.060479166667    0.914850694444    0.838060872396
   -1.740319444444    3.032930555556    0.909406250000    0.828036687404
   -1.740944444444    3.036203510802    0.908256944444    0.826226176698
   -1.747583333333    3.059079475309    0.910572916667    0.830887285397
   -1.744756944444    3.049287663966    0.908329861111    0.826711865837
   -1.734430555556    3.013812885802    0.903930555556    0.818782479745
   -1.750020833333    3.067126591435    0.913802083333    0.836093255691
   -1.745694444444    3.052314718364    0.914854166667    0.837949893904
   -1.748451388889    3.061322579090    0.914059027778    0.836483543113
   -1.752020833333    3.074826244213    0.916222222222    0.840528187693
   -1.743430555556    3.045231288580    0.910815972222    0.830977611400
   -1.750159722222    3.067583381559    0.916006944444    0.839916618441
   -1.748159722222    3.060987606096    0.913864583333    0.836229974441
   -1.741937500000    3.040081645448    0.906951388889    0.824279875579
   -1.738180555556    3.025742669753    0.909944444444    0.828969714506
   -1.750784722222    3.069751687886    0.916461805556    0.840735857928
   -1.735673611111    3.017885079090    0.903878472222    0.818967604649
   -1.746256944444    3.054955295139    0.913493055556    0.835627459491
   -1.746534722222    3.055282552083    0.912645833333    0.834005570023
   -1.750756944444    3.070004774306    0.912166666667    0.833468677662
   -1.747319444444    3.058248939043    0.914708333333    0.837633222415
   -1.740666666667    3.034757716049    0.909211805556    0.827784903067
   -1.754687500000    3.083697579090    0.917034722222    0.842035590278
   -1.732361111111    3.006728491512    0.901142361111    0.814245840567
   -1.743576388889    3.044751012731    0.910788194444    0.830634584780
   -1.736729166667    3.021425588349    0.907666666667    0.825125434028
   -1.737881944444    3.024827883873    0.908743055556    0.826840735918
   -1.746062500000    3.053395592207    0.914177083333    0.836626338252
   -1.743972222222    3.046119212963    0.912753472222    0.834045392072
   -1.750027777778    3.067620852623    0.914645833333    0.837548442323
   -1.734069444444    3.012798900463    0.905430555556    0.821432460455
   -1.748513888889    3.062051118827    0.913145833333    0.834878978588
   -1.740527777778    3.034594039352    0.908548611111    0.826940851659
   -1.751763888889    3.072991319444    0.914687500000    0.837578245563
   -1.736527777778    3.021619212963    0.903163194444    0.817973415799
   -1.744569444444    3.049453703704    0.905597222222    0.823422622492
   -1.727923611111    2.992328944830    0.896906250000    0.806967725212
   -1.744736111111    3.049161072531    0.911194444444    0.831499662423
   -1.739722222222    3.032129822531    0.907722222222    0.825713421103
   -1.737409722222    3.023712432485    0.907250000000    0.824323688272
   -1.753458333333    3.079826678241    0.912854166667    0.834654610340
   -1.755326388889    3.085293933256    0.916628472222    0.841018144772
   -1.746125000000    3.053447048611    0.913090277778    0.834667124807
   -1.744194444444    3.046694155093    0.914093750000    0.836390540606
   -1.754819444444    3.083653452932    0.917649305556    0.843009319541
   -1.741597222222    3.038541184414    0.909597222222    0.828737991898
   -1.743479166667    3.045403404707    0.910722222222    0.830809678819
   -1.746763888889    3.056869020062    0.907475694444    0.825341857157
   -1.757013888889    3.092308931327    0.919145833333    0.845795645255
   -1.744159722222    3.046911410108    0.911930555556    0.832653018904
   -1.757520833333    3.093020013503    0.917982638889    0.843563693576
   -1.750812500000    3.069825569059    0.915562500000    0.839151427469
   -1.742645833333    3.042399739583    0.910187500000    0.829744622878
   -1.744854166667    3.050121383102    0.912430555556    0.833812065972
   -1.743270833333    3.043605854552    0.911666666667    0.832138503086
   -1.745458333333    3.051333043981    0.911642361111    0.832302336516
   -1.743840277778    3.047123601466    0.907861111111    0.826577859761
   -1.749534722222    3.065935233410    0.914906250000    0.838111653646
   -1.754590277778    3.083225549769    0.915621527778    0.839462275752
   -1.749000000000    3.063841242284    0.916020833333    0.839996913580
   -1.736381944444    3.019723717207    0.906638888889    0.823216145833
   -1.745951388889    3.053193238812    0.913038194444    0.834668607735
   -1.751548611111    3.072523775077    0.915750000000    0.839563368056
   -1.754097222222    3.081727623457    0.917871527778    0.843517807195
   -1.739152777778    3.030379822531    0.906493055556    0.823350670332
   -1.756243055556    3.088903115355    0.917513888889    0.842743031443
   -1.732020833333    3.006106240355    0.901461805556    0.815103407118
   -1.745465277778    3.051351032022    0.910149305556    0.829501458816
   -1.746701388889    3.055747829861    0.911493055556    0.832115354938
   -1.745486111111    3.052126060957    0.909621527778    0.829051203221
   -1.744944444444    3.049695698302    0.912381944444    0.833551625193
   -1.744625000000    3.048328607253    0.911930555556    0.832677493248
   -1.746847222222    3.055929494599    0.913881944444    0.836101297261
   -1.743722222222    3.045830729167    0.910857638889    0.831171091339
   -1.730888888889    3.001252507716    0.904454861111    0.819645748939
   -1.745250000000    3.052538676698    0.899920138889    0.814736316069
   -1.752597222222    3.076020640432    0.917236111111    0.842129412616
   -1.741465277778    3.037773003472    0.908944444444    0.827481939622
   -1.745868055556    3.053048562886    0.912715277778    0.834264805170
   -1.748423611111    3.062203462577    0.913947916667    0.836402886285
   -1.750875000000    3.070459008488    0.914958333333    0.838115210262
   -1.749812500000    3.067651475694    0.914434027778    0.837431339217
   -1.742798611111    3.042158709491    0.911579861111    0.832056604456
   -1.747993055556    3.060642988040    0.913347222222    0.835326702353
   -1.744250000000    3.047101369599    0.913020833333    0.834544921875
   -1.743006944444    3.042129002701    0.911163194444    0.831209768036
   -1.743576388889    3.045686776620    0.911927083333    0.832786373939
   -1.740861111111    3.035810956790    0.908166666667    0.826217399691
   -1.749895833333    3.066761622299    0.914725694444    0.837641095197
   -1.740187500000    3.033067949460    0.911371527778    0.831544307002
   -1.744180555556    3.048266203704    0.909232638889    0.828435992959
   -1.750125000000    3.067303915895    0.914565972222    0.837285964024
   -1.741243055556    3.037068045910    0.907107638889    0.824256739487
   -1.747875000000    3.060426118827    0.912114583333    0.833171814718
   -1.758625000000    3.096962866512    0.920763888889    0.848533323688
   -1.741243055556    3.036660638503    0.911663194444    0.832206970968
   -1.738798611111    3.028887683256    0.904513888889    0.820311728395
   -1.737166666667    3.024019868827    0.903732638889    0.819113245081
   -1.744020833333    3.046800395448    0.913902777778    0.836231023341
   -1.748888888889    3.063333429784    0.915246527778    0.838750518422
   -1.745756944444    3.053068817515    0.911496527778    0.832159155575
   -1.749736111111    3.066192901235    0.914267361111    0.836963457272
   -1.754819444444    3.083824459877    0.918048611111    0.843658082562
   -1.732611111111    3.008049479167    0.896065972222    0.806892445505
   -1.743715277778    3.045987220293    0.909413194444    0.828440574363
   -1.742243055556    3.040751880787    0.904826388889    0.821154996142
   -1.765076388889    3.119529755015    0.922215277778    0.851272328318
   -1.747250000000    3.057363233025    0.912524305556    0.833845232928
   -1.736583333333    3.020534239969    0.906895833333    0.823593123071
   -1.748513888889    3.062532118056    0.913534722222    0.835783998843
   -1.759861111111    3.101223765432    0.920142361111    0.847393578800
   -1.736923611111    3.022191792052    0.907190972222    0.824452558353
   -1.754625000000    3.083534047068    0.916937500000    0.841741825810
   -1.737305555556    3.023670910494    0.904843750000    0.820885042921
   -1.741173611111    3.036492910880    0.908600694444    0.826755413291
   -1.762152777778    3.109419367284    0.922368055556    0.851459129051
   -1.750972222222    3.071234375000    0.914312500000    0.837190345293
   -1.746243055556    3.054409577546    0.912750000000    0.834254123264
   -1.745291666667    3.050888213735    0.912340277778    0.833395519869
   -1.750902777778    3.070005208333    0.915381944444    0.838825472608
   -1.751333333333    3.071525559414    0.916506944444    0.840826895255
   -1.740569444444    3.034060956790    0.907670138889    0.825102756076
   -1.742388888889    3.040518807870    0.909947916667    0.829217676987
   -1.746673611111    3.055076919367    0.913093750000    0.834669644579
   -1.749104166667    3.063956838349    0.911576388889    0.832391276042
   -1.751895833333    3.073999662423    0.916250000000    0.840530695409
   -1.747541666667    3.059506076389    0.909729166667    0.829388864776
   -1.737062500000    3.023301167052    0.901538194444    0.815214831694
   -1.746631944444    3.055501880787    0.912218750000    0.833182472512
   -1.741611111111    3.038279320988    0.910722222222    0.830535662616
   -1.741833333333    3.039653838735    0.908663194444    0.827096197434
   -1.738736111111    3.028159722222    0.907458333333    0.824656201775
   -1.750701388889    3.069647328318    0.915024305556    0.838225441262
   -1.740743055556    3.035933786651    0.906083333333    0.823125217014
   -1.747826388889    3.060299913194    0.911930555556    0.833379123264
   -1.754604166667    3.083697482639    0.914423611111    0.837341097608
   -1.742131944444    3.039836178627    0.906638888889    0.823445770640
   -1.743138888889    3.043939911265    0.910895833333    0.830946542245
   -1.746805555556    3.055650366512    0.912493055556    0.833682701582
   -1.750618055556    3.070328076775    0.914013888889    0.836710961613
   -1.749708333333    3.065709683642    0.913597222222    0.835553192515
   -1.746187500000    3.053944492670    0.913027777778    0.834725453318
   -1.739000000000    3.029299286265    0.906909722222    0.823879075039
   -1.742840277778    3.042174141590    0.911503472222    0.831852611400
   -1.742138888889    3.039964120370    0.911038194444    0.831137213059
   -1.756402777778    3.089424575617    0.917951388889    0.843518325617
   -1.747583333333    3.059538483796    0.912357638889    0.833763442805
   -1.736680555556    3.021350501543    0.903732638889    0.818699375482
   -1.748277777778    3.060762056327    0.914993055556    0.838086130401
   -1.746534722222    3.054982397762    0.911326388889    0.831680483218
   -1.741236111111    3.037249131944    0.907881944444    0.826175588349
   -1.740562500000    3.034891830633    0.909927083333    0.829217098283
   -1.747562500000    3.059512008102    0.911795138889    0.832844726562
   -1.736145833333    3.018974103009    0.906385416667    0.822864498939
   -1.739340277778    3.030383921682    0.909281250000    0.828018217110
   -1.747520833333    3.058529851466    0.909715277778    0.828832368827
   -1.743368055556    3.045831163194    0.907517361111    0.825826111593
   -1.751937500000    3.073892409336    0.915392361111    0.838887598862
   -1.745361111111    3.051609278549    0.912437500000    0.833829137731
   -1.738402777778    3.027917245370    0.905562500000    0.821808207948
   -1.751729166667    3.073703848380    0.916093750000    0.840201328607
   -1.748173611111    3.060696035880    0.913781250000    0.835934570312
   -1.749104166667    3.064183497299    0.913392361111    0.835394639757
   -1.753048611111    3.078000723380    0.917565972222    0.842887767650
   -1.744187500000    3.047864052855    0.910375000000    0.830142939815
   -1.749770833333    3.066259500386    0.913357638889    0.835372480228
   -1.740013888889    3.032700231481    0.910003472222    0.829182183160
   -1.760187500000    3.102846113040    0.918923611111    0.845420934606
   -1.739687500000    3.032318045910    0.903930555556    0.819258897569
   -1.747430555556    3.058607253086    0.912750000000    0.834205439815
   -1.735687500000    3.018369454090    0.903743055556    0.818644917052
   -1.734368055556    3.013348427855    0.905250000000    0.821095534336
   -1.735923611111    3.019208092207    0.903489583333    0.818262213059
   -1.750229166667    3.067786603009    0.916878472222    0.841453498746
   -1.747798611111    3.059962143133    0.913715277778    0.836064766590
   -1.757020833333    3.092042486497    0.917350694444    0.842612135899
   -1.747937500000    3.059959346065    0.911694444444    0.832400077160
   -1.743937500000    3.046496286651    0.911565972222    0.832173357928
   -1.752236111111    3.074929205247    0.915545138889    0.839236388407
   -1.734805555556    3.014910108025    0.906034722222    0.822387321566
   -1.744527777778    3.048488425926    0.912482638889    0.833710250289
   -1.741770833333    3.038593798225    0.910097222222    0.829510706019
   -1.745347222222    3.050887152778    0.911548611111    0.832077835648
   -1.743020833333    3.043253616898    0.907746527778    0.825654598283
   -1.754756944444    3.083539014275    0.918920138889    0.845270218461
   -1.756784722222    3.090565345293    0.918270833333    0.844200424383
   -1.739638888889    3.032231770833    0.909472222222    0.828545621142
   -1.755201388889    3.085388744213    0.916597222222    0.841096715856
   -1.741750000000    3.038853684414    0.909361111111    0.828153959298
   -1.725340277778    2.982471595293    0.894444444444    0.803041835455
   -1.740909722222    3.035432532793    0.909798611111    0.828883777006
   -1.739701388889    3.032005353009    0.909031250000    0.827608711902
   -1.753430555556    3.079649498457    0.916798611111    0.841689429012
   -1.752368055556    3.075381221065    0.914621527778    0.837573796779
   -1.719777777778    2.965262827932    0.884378472222    0.786387478299
   -1.746479166667    3.054921537423    0.912843750000    0.834375614873
   -1.744381944444    3.047701147762    0.911677083333    0.832441345968
   -1.745534722222    3.051458188657    0.911267361111    0.831478238329
   -1.752930555556    3.077490547840    0.915982638889    0.840043921200
   -1.756513888889    3.089046489198    0.918680555556    0.844736424576
   -1.747000000000    3.056524498457    0.913770833333    0.835883945795
   -1.744750000000    3.049189718364    0.909187500000    0.828173201196
   -1.748750000000    3.062789158951    0.914545138889    0.837346100984
   -1.734631944444    3.015671151620    0.902486111111    0.816784963349
   -1.752986111111    3.078216338735    0.915545138889    0.839325219425
   -1.746465277778    3.055198254244    0.911597222222    0.832214385610
   -1.747534722222    3.058521267361    0.912909722222    0.834484399113
   -1.742541666667    3.041606963735    0.910423611111    0.830084273727
   -1.751847222222    3.073600790895    0.915517361111    0.839154815297
   -1.741312500000    3.036951147762    0.908680555556    0.826828004437
   -1.740812500000    3.035535349151    0.911218750000    0.831462155189
   -1.756138888889    3.088568672840    0.919034722222    0.845476562500
   -1.743291666667    3.043986400463    0.911253472222    0.831543077257
   -1.737138888889    3.023213541667    0.906100694444    0.822734628183
   -1.745430555556    3.050766300154    0.912246527778    0.833232144579
   -1.737423611111    3.023923177083    0.902125000000    0.815976779514
   -1.745444444444    3.051431134259    0.912635416667    0.834047682774
   -1.729631944444    2.997657069830    0.897229166667    0.807434365355
   -1.740583333333    3.034802179784    0.908916666667    0.827300950039
   -1.747819444444    3.060601658951    0.912944444444    0.834777874228
   -1.745597222222    3.052411940586    0.911319444444    0.832035083912
   -1.751416666667    3.072234760802    0.917125000000    0.842001350309
   -1.750576388889    3.069619743441    0.913371527778    0.835513298129
   -1.748354166667    3.061334924769    0.912392361111    0.833642590181
   -1.754263888889    3.081845293210    0.917715277778    0.843103298611
   -1.757986111111    3.094763020833    0.919291666667    0.845901644483
   -1.737791666667    3.024622395833    0.907559027778    0.824857795621
   -1.736381944444    3.020239535108    0.903555555556    0.818709876543
   -1.747361111111    3.057958140432    0.912052083333    0.832975754726
   -1.756833333333    3.090781346451    0.919225694444    0.845830451871
   -1.746486111111    3.055254147377    0.912659722222    0.834074387539
   -1.746597222222    3.054693865741    0.912156250000    0.832997697242
   -1.744722222222    3.048901041667    0.911163194444    0.831408432195
   -1.744645833333    3.048646170910    0.910708333333    0.830839433835
   -1.738180555556    3.026018036265    0.907156250000    0.824189199942
   -1.749069444444    3.063660686728    0.915923611111    0.839765239198
   -1.752083333333    3.074647955247    0.914812500000    0.838086443866
   -1.750687500000    3.069743007330    0.914649305556    0.837656262056
   -1.741493055556    3.037179542824    0.911875000000    0.832455584491
   -1.751388888889    3.072296585648    0.914531250000    0.837687367380
   -1.748541666667    3.061793306327    0.914979166667    0.838077522184
   -1.740173611111    3.033218991127    0.909031250000    0.827589687018
   -1.737909722222    3.026278211806    0.907072916667    0.824557641300
   -1.747451388889    3.059079716435    0.913302083333    0.835395845390
   -1.742347222222    3.040591531636    0.908194444444    0.826072458526
   -1.737763888889    3.025717785494    0.906763888889    0.823792293596
   -1.755423611111    3.085795283565    0.917156250000    0.842092508198
   -1.749687500000    3.065888358410    0.914482638889    0.837241548515
   -1.751583333333    3.072403356481    0.915972222222    0.839807026427
   -1.750375000000    3.068826581790    0.913684027778    0.835996346933
   -1.750951388889    3.071211178627    0.912666666667    0.834221981096
   -1.752826388889    3.076552903164    0.916284722222    0.840450183256
   -1.747993055556    3.059932725694    0.914631944444    0.837503231096
   -1.730305555556    2.999042341821    0.900885416667    0.813614595390
   -1.747750000000    3.059247781636    0.910888888889    0.831164978781
   -1.748666666667    3.062855806327    0.913673611111    0.835993754823
   -1.734458333333    3.013548128858    0.904208333333    0.819095389660
   -1.741277777778    3.037208333333    0.907631944444    0.825239510995
   -1.752486111111    3.075744502315    0.915743055556    0.839555073302
   -1.744479166667    3.048854697145    0.910725694444    0.830852756076
   -1.752694444444    3.076803047840    0.916166666667    0.840357638889
   -1.749645833333    3.065990017361    0.912437500000    0.833767264660
   -1.755083333333    3.084969907407    0.918715277778    0.844883680556
   -1.751173611111    3.070714554398    0.915347222222    0.838741970486
   -1.746638888889    3.054536361883    0.914815972222    0.837576642072
   -1.756152777778    3.088589120370    0.916930555556    0.841734664352
   -1.744090277778    3.047437162423    0.909576388889    0.828777319637
   -1.744187500000    3.046809365355    0.912079861111    0.832959647473
   -1.744284722222    3.047975935571    0.910572916667    0.830705162519
   -1.733437500000    3.011060426312    0.904152777778    0.819133391204
   -1.761868055556    3.107724778164    0.920684027778    0.848320252218
   -1.753972222222    3.081476176698    0.917579861111    0.842882728106
   -1.748006944444    3.060158130787    0.912788194444    0.834253460166
   -1.744354166667    3.047960599923    0.909125000000    0.828013840664
   -1.739576388889    3.031229890046    0.908298611111    0.826259548611
   -1.736875000000    3.022065007716    0.907961805556    0.825599476755
   -1.737826388889    3.025154562114    0.902260416667    0.816171404803
   -1.738465277778    3.027671055170    0.907482638889    0.825178903839
   -1.753215277778    3.078352478781    0.915524305556    0.839233832465
   -1.742402777778    3.040993055556    0.909885416667    0.829112594039
   -1.744034722222    3.046691888503    0.909850694444    0.829396978684
   -1.749402777778    3.065775077160    0.913614583333    0.836090916763
   -1.750243055556    3.068034095293    0.915347222222    0.838789954668
   -1.739819444444    3.031959008488    0.905513888889    0.821690369406
   -1.751312500000    3.072223042052    0.917354166667    0.842437307099
   -1.747326388889    3.058295572917    0.913427083333    0.835551878376
   -1.757361111111    3.092507523148    0.919329861111    0.845949447820
   -1.738000000000    3.025552083333    0.905208333333    0.820879147377
   -1.736597222222    3.020612268519    0.907243055556    0.824301432292
   -1.747604166667    3.058945553627    0.914093750000    0.836541341146
   -1.747694444444    3.058993248457    0.913774305556    0.836004255883
   -1.749611111111    3.065614776235    0.915156250000    0.838355456694
   -1.750618055556    3.068877363040    0.915225694444    0.838521882234
   -1.741784722222    3.038600356867    0.907312500000    0.824558159722
   -1.735055555556    3.015884066358    0.904496527778    0.819761851370
   -1.747743055556    3.058896074460    0.914468750000    0.837106445313
   -1.743993055556    3.046591579861    0.910538194444    0.830323796779
   -1.737423611111    3.024371383102    0.902836805556    0.817568853684
   -1.734479166667    3.014960792824    0.902718750000    0.816848994502
   -1.750416666667    3.068339699074    0.914093750000    0.836592194734
   -1.742840277778    3.042217640818    0.910937500000    0.830952835648
   -1.736361111111    3.019651909722    0.904243055556    0.819037567515
   -1.742784722222    3.042797984182    0.909593750000    0.828955475984
   -1.728104166667    2.991362702546    0.898715277778    0.809167534722
   -1.751104166667    3.070600260417    0.914295138889    0.836849717882
   -1.742243055556    3.041127941744    0.907840277778    0.826070312500
   -1.752833333333    3.077438560957    0.913892361111    0.836373179495
   -1.739625000000    3.031277391975    0.911218750000    0.831362377025
   -1.739993055556    3.032711467978    0.910225694444    0.829738317419
   -1.732520833333    3.006937258873    0.904854166667    0.820127483603
   -1.746979166667    3.058012008102    0.912548611111    0.834089409722
   -1.739923611111    3.032194974923    0.909611111111    0.828376832562
   -1.736375000000    3.020023148148    0.906645833333    0.823252001350
   -1.743506944444    3.045283034336    0.907076388889    0.824582417052
   -1.742131944444    3.039972077546    0.911312500000    0.831497419946
   -1.742263888889    3.040658564815    0.911055555556    0.831154755015
   -1.738798611111    3.028132571373    0.909093750000    0.827445469232
   -1.744152777778    3.046426022377    0.911267361111    0.831430037133
   -1.737937500000    3.026262490355    0.906281250000    0.823200942805
   -1.753770833333    3.080091869213    0.917104166667    0.841939501350
   -1.756854166667    3.091598042052    0.917166666667    0.842325882523
   -1.729333333333    2.998072241512    0.898815972222    0.811176372010
   -1.748111111111    3.060752604167    0.914656250000    0.837593858507
   -1.732611111111    3.007550443673    0.902229166667    0.815859278549
   -1.748819444444    3.063118344907    0.912079861111    0.833167136863
   -1.741187500000    3.036488377701    0.910930555556    0.830836250965
   -1.749729166667    3.066656491127    0.912239583333    0.833673671393
   -1.744243055556    3.047582127701    0.913270833333    0.835143156829
   -1.742013888889    3.039896508488    0.908878472222    0.827454294464
   -1.731972222222    3.005242573302    0.900284722222    0.812719328704
   -1.746215277778    3.054105854552    0.913343750000    0.835245454765
   -1.750750000000    3.069914930556    0.914454861111    0.837556749132
   -1.752652777778    3.076239486883    0.917531250000    0.842719581887
   -1.757034722222    3.092207609954    0.917798611111    0.843471402392
   -1.749611111111    3.065492476852    0.912795138889    0.834154911748
   -1.751513888889    3.072919174383    0.916052083333    0.840175672743
   -1.747777777778    3.059304205247    0.913184027778    0.834957139757
   -1.752854166667    3.076473234954    0.916666666667    0.841096474730
   -1.736833333333    3.022037229938    0.905833333333    0.822105951003
   -1.731812500000    3.003738088349    0.902340277778    0.815610725309
   -1.749694444444    3.065901041667    0.914673611111    0.837614293981
   -1.750784722222    3.069884500386    0.915295138889    0.838974187404
   -1.753569444444    3.079233699846    0.916180555556    0.840275776427
   -1.740104166667    3.032762201003    0.908909722222    0.827369960455
   -1.748951388889    3.064223717207    0.911565972222    0.832253821856
   -1.743458333333    3.044402488426    0.911107638889    0.831122311439
   -1.746847222222    3.056493634259    0.911465277778    0.832063874421
   -1.734083333333    3.012375192901    0.902479166667    0.816095582562
   -1.754402777778    3.081926118827    0.916982638889    0.841649872203
   -1.747701388889    3.059016734182    0.913062500000    0.834755232446
   -1.747909722222    3.059896749614    0.910680555556    0.830745298032
   -1.745048611111    3.049894917052    0.910614583333    0.830373565297
   -1.738194444444    3.027573109568    0.900861111111    0.813989052855
   -1.750333333333    3.068800250772    0.913809027778    0.836324303144
   -1.731229166667    3.002343894676    0.899670138889    0.811214470004
   -1.753250000000    3.078758198302    0.916145833333    0.840281539352
   -1.747138888889    3.057204282407    0.911100694444    0.831438355999
   -1.746319444444    3.054867476852    0.910670138889    0.830710226177
   -1.739916666667    3.032793499228    0.906017361111    0.822973343461
   -1.744909722222    3.049746190201    0.910774305556    0.830743115837
   -1.741229166667    3.037949315201    0.906718750000    0.824016119309
   -1.728527777778    2.994671875000    0.888756944444    0.796093412423
   -1.749729166667    3.066364535108    0.914826388889    0.837960841049
   -1.747736111111    3.059118441358    0.912743055556    0.834173659336
   -1.754166666667    3.081420235340    0.917520833333    0.842677782600
   -1.748131944444    3.061395013503    0.912517361111    0.833935920621
   -1.747888888889    3.060414062500    0.911468750000    0.832143144772
   -1.743312500000    3.043977285880    0.909989583333    0.829265902296
   -1.744611111111    3.048570698302    0.912822916667    0.834260935089
   -1.746395833333    3.055182243441    0.910815972222    0.830868694541
   -1.742972222222    3.042657118056    0.910684027778    0.830350947627
   -1.743055555556    3.042708912037    0.910989583333    0.830858639564
   -1.742680555556    3.042102912809    0.908041666667    0.825803915895
   -1.748291666667    3.061153356481    0.913482638889    0.835485375675
   -1.747000000000    3.056543306327    0.910420138889    0.830132655768
   -1.747395833333    3.058423852238    0.912079861111    0.833037434896
   -1.748951388889    3.063170862269    0.914250000000    0.836765287423
   -1.741152777778    3.037311631944    0.906381944444    0.823291714892
   -1.755250000000    3.085233024691    0.917381944444    0.842516227816
   -1.744576388889    3.048289496528    0.909444444444    0.828330439815
   -1.739375000000    3.030337962963    0.908451388889    0.826529417438
   -1.744743055556    3.049221209491    0.910840277778    0.830906467014
   -1.745625000000    3.051951485340    0.908399305556    0.826657853492
   -1.744041666667    3.047090952932    0.911072916667    0.831231397087
   -1.744819444444    3.049450135031    0.910930555556    0.830872202932
   -1.749166666667    3.065428915895    0.913034722222    0.835006630980
   -1.746715277778    3.055222077546    0.911871527778    0.832540569541
   -1.744215277778    3.047159095293    0.911184027778    0.831329873167
   -1.743513888889    3.045130208333    0.912326388889    0.833414231289
   -1.738472222222    3.028001060957    0.906020833333    0.822623987269
   -1.741548611111    3.038408805941    0.907368055556    0.824825496721
   -1.744902777778    3.050219810957    0.907722222222    0.826232132523
   -1.751965277778    3.074149353781    0.914555555556    0.837519965278
   -1.752958333333    3.077808834877    0.914645833333    0.837919753086
   -1.735034722222    3.015030526620    0.906194444444    0.822465350116
   -1.752034722222    3.074224971065    0.916159722222    0.840290147569
   -1.743986111111    3.046647858796    0.910899305556    0.830965772087
   -1.753618055556    3.080335117670    0.916312500000    0.840679591049
   -1.738486111111    3.027608024691    0.906194444444    0.822880208333
   -1.746166666667    3.054383969907    0.911024305556    0.831426130883
   -1.743763888889    3.045807002315    0.911215277778    0.831485797647
   -1.747840277778    3.060072868441    0.913972222222    0.836510151427
   -1.743402777778    3.044024498457    0.910875000000    0.830755063657
   -1.757680555556    3.093893904321    0.919045138889    0.845480191454
   -1.749215277778    3.064619646991    0.914329861111    0.837079415027
   -1.758118055556    3.095192660108    0.918375000000    0.844324580440
   -1.742930555556    3.042436728395    0.911399305556    0.831692648052
   -1.743611111111    3.045271990741    0.911031250000    0.831124505691
   -1.757534722222    3.092927903164    0.918572916667    0.844695396894
   -1.750944444444    3.070904224537    0.914781250000    0.837832212095
   -1.704354166667    2.913532359182    0.861635416667    0.752720956308
   -1.736513888889    3.021416763117    0.907243055556    0.824544174383
   -1.731159722222    3.003174238040    0.903440972222    0.817890757620
   -1.736277777778    3.019716242284    0.905697916667    0.821692214024
   -1.753444444444    3.079307002315    0.917031250000    0.841986798322
   -1.749159722222    3.063745804398    0.914145833333    0.836561101466
   -1.735791666667    3.018269772377    0.908211805556    0.826001000675
   -1.743763888889    3.045260995370    0.911871527778    0.832495888792
   -1.738972222222    3.029494502315    0.908378472222    0.826472523630
   -1.752722222222    3.076961226852    0.915569444444    0.839310932677
   -1.735298611111    3.016801552855    0.907649305556    0.825141649788
   -1.744958333333    3.050583333333    0.912836805556    0.834538664641
   -1.749902777778    3.066368441358    0.914607638889    0.837414195120
   -1.745687500000    3.053220437886    0.911072916667    0.831463818962
   -1.734715277778    3.014768759645    0.904229166667    0.819167390046
   -1.754763888889    3.083346932870    0.917649305556    0.842932689525
   -1.747805555556    3.060497106481    0.911531250000    0.833281937211
   -1.753402777778    3.080019579475    0.913250000000    0.835841218171
   -1.743347222222    3.044706983025    0.911302083333    0.831703426408
   -1.742937500000    3.042796923225    0.911350694444    0.831784131462
   -1.742152777778    3.039806423611    0.909305555556    0.827936294367
   -1.749493055556    3.065169319059    0.913885416667    0.836137333623
   -1.742097222222    3.039990644290    0.910055555556    0.829495756173
   -1.749847222222    3.066521604938    0.914236111111    0.836785083912
   -1.741625000000    3.038815489969    0.908253472222    0.826423767843
   -1.747812500000    3.059929157022    0.911527777778    0.832250458140
   -1.751291666667    3.071010127315    0.916378472222    0.840503653067
   -1.748583333333    3.062360821759    0.911107638889    0.831294427566
   -1.736006944444    3.018936197917    0.904128472222    0.819186957465
   -1.749631944444    3.066238956404    0.913267361111    0.835225537712
   -1.749340277778    3.064394241898    0.913944444444    0.836306013696
   -1.742097222222    3.039550443673    0.911642361111    0.832102273823
   -1.745111111111    3.050364679784    0.911854166667    0.832690972222
   -1.733743055556    3.012310619213    0.898399305556    0.810206344039
   -1.754187500000    3.082438416281    0.916263888889    0.840680941358
   -1.744458333333    3.047794270833    0.906430555556    0.823537229938
   -1.738187500000    3.026507089120    0.907079861111    0.824102346161
   -1.746902777778    3.056691454475    0.911715277778    0.832483868634
   -1.738347222222    3.027970003858    0.905065972222    0.821200581115
   -1.741944444444    3.039465470679    0.912802083333    0.834217339410
   -1.751666666667    3.073681905864    0.912097222222    0.833490885417
   -1.750659722222    3.069604793596    0.914493055556    0.837392071759
   -1.745118055556    3.050334731867    0.911166666667    0.831369116512
   -1.747958333333    3.060080825617    0.913413194444    0.835344075521
   -1.741215277778    3.037242042824    0.909541666667    0.829005160108
   -1.752395833333    3.075637683256    0.915618055556    0.839303457755
   -1.745312500000    3.051172501929    0.911652777778    0.832299961420
   -1.751354166667    3.071268856096    0.916947916667    0.841616186825
   -1.739506944444    3.031326919367    0.908385416667    0.826769302180
   -1.745048611111    3.050106529707    0.909309027778    0.828304699556
   -1.753513888889    3.079363811728    0.917777777778    0.843216483410
   -1.754986111111    3.084095582562    0.917322916667    0.842339952257
   -1.742784722222    3.043361448688    0.905177083333    0.822758234471
   -1.745173611111    3.050845534336    0.907784722222    0.825994116512
   -1.729840277778    2.998837432485    0.894840277778    0.804102237654
   -1.748847222222    3.063127700617    0.915736111111    0.839466531636
   -1.745000000000    3.050121045525    0.911170138889    0.831586817612
   -1.752430555556    3.075929398148    0.914673611111    0.837786410108
   -1.748715277778    3.062792968750    0.914892361111    0.837990463445
   -1.742145833333    3.040456163194    0.908777777778    0.827526861497
   -1.751305555556    3.071686921296    0.914892361111    0.837965386285
   -1.752326388889    3.075526668596    0.914631944444    0.837699652778
   -1.744729166667    3.049461853781    0.910687500000    0.831017819252
   -1.753618055556    3.079900028935    0.918288194444    0.844051998939
   -1.748527777778    3.062077932099    0.912395833333    0.833687524113
   -1.749638888889    3.066330536265    0.910572916667    0.830792836130
   -1.747111111111    3.058525077160    0.908503472222    0.827510766300
   -1.739680555556    3.031156250000    0.910114583333    0.829377254533
   -1.742819444444    3.042397087191    0.906225694444    0.822936909240
   -1.735729166667    3.017512972608    0.906430555556    0.822833260995
   -1.747180555556    3.057349633488    0.911836805556    0.832594678337
   -1.747986111111    3.060741030093    0.913013888889    0.834832248264
   -1.753458333333    3.079129147377    0.915892361111    0.839860496238
   -1.745395833333    3.051111255787    0.911052083333    0.831347885320
   -1.751805555556    3.073409336420    0.915513888889    0.839116729360
   -1.739777777778    3.032445601852    0.908194444444    0.826303650656
   -1.731986111111    3.005700713735    0.904802083333    0.820223439911
   -1.748645833333    3.062646074460    0.914951388889    0.838111352238
   -1.741895833333    3.039754677855    0.910774305556    0.830710636092
   -1.750333333333    3.068198688272    0.912631944444    0.834081452546
   -1.750722222222    3.070045717593    0.915982638889    0.839979202836
   -1.750958333333    3.071017939815    0.913121527778    0.835118839217
   -1.737194444444    3.023355516975    0.908250000000    0.826191165123
   -1.749263888889    3.064878858025    0.915753472222    0.839580234857
   -1.734583333333    3.014438753858    0.902020833333    0.815950183256
   -1.744152777778    3.047162615741    0.912020833333    0.833107445988
   -1.746958333333    3.056539448302    0.911461805556    0.831811137635
   -1.740326388889    3.036812548225    0.895232638889    0.808051468461
   -1.736638888889    3.021386670525    0.906430555556    0.823042848187
   -1.745729166667    3.052829619985    0.912496527778    0.833898256655
   -1.744361111111    3.047885030864    0.911020833333    0.831261742863
   -1.740458333333    3.034142457562    0.909381944444    0.828062861690
   -1.752701388889    3.076620032793    0.915756944444    0.839823857060
   -1.745361111111    3.050897762346    0.913701388889    0.835816671489
   -1.757326388889    3.092435233410    0.919263888889    0.845838372878
   -1.747347222222    3.057771604938    0.912986111111    0.834691888503
   -1.731791666667    3.005777970679    0.893857638889    0.803746105806
   -1.747027777778    3.057042341821    0.911715277778    0.832509862076
   -1.748875000000    3.063531057099    0.913055555556    0.834816767940
   -1.749326388889    3.065450279707    0.912562500000    0.834193479938
   -1.750569444444    3.069808641975    0.915458333333    0.839192081404
   -1.743472222222    3.044207947531    0.908895833333    0.827360484182
   -1.739729166667    3.032075954861    0.908822916667    0.827256811825
   -1.742812500000    3.042254870756    0.907697916667    0.825411422164
   -1.748333333333    3.061343750000    0.914263888889    0.836898027585
   -1.748583333333    3.062349826389    0.913812500000    0.836101658951
   -1.743111111111    3.044790991512    0.907440972222    0.825579921393
   -1.748944444444    3.063369791667    0.915326388889    0.838737581983
   -1.737486111111    3.024150462963    0.905288194444    0.821236484857
   -1.741791666667    3.039323109568    0.907253472222    0.824829704379
   -1.753618055556    3.079716290509    0.916673611111    0.841363184799
   -1.734673611111    3.014979793596    0.905062500000    0.820849802276
   -1.748118055556    3.060977768133    0.913836805556    0.836232024016
   -1.748805555556    3.063288001543    0.913934027778    0.836425479842
   -1.752506944444    3.075868007330    0.913711805556    0.836077269001
   -1.757000000000    3.092042920525    0.917739583333    0.843338336709
   -1.742666666667    3.041886188272    0.909326388889    0.828257257909
   -1.746243055556    3.054391927083    0.911225694444    0.831542619117
   -1.741597222222    3.038524691358    0.906586805556    0.823897123360
   -1.740798611111    3.035320553627    0.906041666667    0.822715108989
   -1.745819444444    3.052260898920    0.913871527778    0.836084044657
   -1.743951388889    3.046130160108    0.911395833333    0.831694974923
   -1.744687500000    3.048553578318    0.910590277778    0.830280888310
   -1.734923611111    3.015186294367    0.907145833333    0.824197169174
   -1.743555555556    3.044005979938    0.912069444444    0.832730902778
   -1.746465277778    3.055153115355    0.914027777778    0.836444275656
   -1.738145833333    3.026244743441    0.906149305556    0.822640371817
   -1.735729166667    3.017596209491    0.908302083333    0.826220305266
   -1.755138888889    3.085368055556    0.917048611111    0.841997709298
   -1.742743055556    3.042529369213    0.908920138889    0.827769229842
   -1.743243055556    3.043991367670    0.912065972222    0.832900185667
   -1.744423611111    3.048299141590    0.912204861111    0.833275788484
   -1.751506944444    3.073258246528    0.913097222222    0.835286844136
   -1.755694444444    3.086646990741    0.915711805556    0.839779260706
   -1.751041666667    3.070713348765    0.915555555556    0.839405767747
   -1.741069444444    3.036874131944    0.908368055556    0.826649667245
   -1.744333333333    3.047549382716    0.911850694444    0.832527813947
   -1.740006944444    3.032948640046    0.908569444444    0.826872516397
   -1.738923611111    3.029016251929    0.908572916667    0.826849090953
   -1.747222222222    3.057554687500    0.913072916667    0.834702269001
   -1.752937500000    3.077766348380    0.916045138889    0.840338023245
   -1.743638888889    3.044723283179    0.911947916667    0.832623975212
   -1.744506944444    3.047976032022    0.911767361111    0.832366717303
   -1.755104166667    3.085256317515    0.916024305556    0.840232771508
   -1.752187500000    3.074934076003    0.914368055556    0.837327498071
   -1.732270833333    3.007505545910    0.903638888889    0.818472728588
   -1.730881944444    3.001140673225    0.902326388889    0.816105444637
   -1.757645833333    3.093502170139    0.918847222222    0.845204378858
   -1.731812500000    3.004212046682    0.902159722222    0.816075858410
   -1.734743055556    3.014221498843    0.906520833333    0.823037446952
   -1.743222222222    3.043704668210    0.906388888889    0.823109833140
   -1.753312500000    3.079373408565    0.916388888889    0.840902367863
   -1.764652777778    3.119206597222    0.920062500000    0.847761357060
   -1.752493055556    3.075828269676    0.916180555556    0.840398196373
   -1.742666666667    3.042380787037    0.907809027778    0.825627929687
   -1.747819444444    3.060237461420    0.911145833333    0.831620876736
   -1.744430555556    3.047747395833    0.910381944444    0.830127459491
   -1.748104166667    3.060820264275    0.913930555556    0.836399233218
   -1.749513888889    3.066162905093    0.914430555556    0.837269193673
   -1.755708333333    3.086701003086    0.918760416667    0.844962010513
   -1.743479166667    3.044457320602    0.909340277778    0.828182484568
   -1.736465277778    3.021206838349    0.906277777778    0.823064790702
   -1.744625000000    3.048640432099    0.910052083333    0.829590892650
   -1.735965277778    3.018764612269    0.906225694444    0.822595305266
   -1.753736111111    3.080353780864    0.915079861111    0.838444528839
   -1.750555555556    3.069429012346    0.913954861111    0.836469485436
   -1.747486111111    3.058872299383    0.912038194444    0.832881064333
   -1.748465277778    3.061925202546    0.914156250000    0.836743839217
   -1.746166666667    3.054099922840    0.913486111111    0.835459731867
   -1.753868055556    3.080476417824    0.916625000000    0.841145278742
   -1.749402777778    3.064932966821    0.915486111111    0.838985460069
   -1.733118055556    3.008546344522    0.904468750000    0.819230914834
   -1.740666666667    3.035449170525    0.907979166667    0.826356626157
   -1.742500000000    3.041297935957    0.910277777778    0.829929374035
   -1.748604166667    3.062778018904    0.913833333333    0.836434534144
   -1.739270833333    3.029789592978    0.908729166667    0.826842978395
   -1.749062500000    3.063609905478    0.914680555556    0.837597439236
   -1.750020833333    3.067275511188    0.913739583333    0.836125229070
   -1.746763888889    3.056097608025    0.913739583333    0.836026174286
   -1.743256944444    3.044317756559    0.910906250000    0.831099524981
   -1.747388888889    3.057847222222    0.913336805556    0.835262140721
   -1.756409722222    3.089105179398    0.918920138889    0.845213143808
   -1.749263888889    3.065012635031    0.910819444444    0.831124975887
   -1.748416666667    3.061376543210    0.912673611111    0.834055507330
   -1.737201388889    3.022482783565    0.906111111111    0.822256727431
   -1.753333333333    3.080104841821    0.917625000000    0.843228370949
   -1.745250000000    3.050941454475    0.910718750000    0.830784517265
   -1.745979166667    3.053042679398    0.910788194444    0.830701183931
   -1.748472222222    3.061658564815    0.914527777778    0.837267867477
   -1.750708333333    3.069566165123    0.915326388889    0.838766541281
   -1.738868055556    3.028804832176    0.907965277778    0.825771002122
   -1.753645833333    3.080026861497    0.917350694444    0.842529598283
   -1.746138888889    3.053711516204    0.911152777778    0.831574845679
   -1.749833333333    3.067580246914    0.914211805556    0.837054024402
   -1.758500000000    3.097616415895    0.918732638889    0.845097403067
   -1.743354166667    3.044349103009    0.911156250000    0.831320276331
   -1.744909722222    3.049529176312    0.911347222222    0.831753279321
   -1.732930555556    3.008446952160    0.905395833333    0.821063416281
   -1.744631944444    3.048989824460    0.908371527778    0.826776101948
   -1.750486111111    3.069345196759    0.912815972222    0.834779212481
   -1.747583333333    3.059422550154    0.914232638889    0.836998420621
   -1.753340277778    3.078709538966    0.915250000000    0.838708646798
   -1.746034722222    3.052827690972    0.911517361111    0.831839445891
   -1.743097222222    3.043147665895    0.910395833333    0.829952329282
   -1.745222222222    3.051204089506    0.910072916667    0.829765637056
   -1.732597222222    3.006576388889    0.903902777778    0.818240186150
   -1.739909722222    3.032533323688    0.908329861111    0.826280611015
   -1.716993055556    2.954086371528    0.883434027778    0.784180639950
   -1.747506944444    3.058672501929    0.912722222222    0.834242983218
   -1.737951388889    3.025031876929    0.905961805556    0.822034637828
   -1.752493055556    3.075996961806    0.916184027778    0.840315911941
   -1.745104166667    3.050436487269    0.912552083333    0.833914002218
   -1.741625000000    3.037883391204    0.911420138889    0.831718496817
   -1.754270833333    3.082257378472    0.916940972222    0.841823555652
   -1.749097222222    3.063484182099    0.914618055556    0.837356529707
   -1.747194444444    3.058003954475    0.912861111111    0.834456693673
   -1.741472222222    3.037895833333    0.910965277778    0.830933111497
   -1.746076388889    3.053453848380    0.911430555556    0.831896604938
   -1.749041666667    3.063942322531    0.913934027778    0.836419692805
   -1.737555555556    3.024885416667    0.905604166667    0.821952980324
   -1.756902777778    3.090884548611    0.919465277778    0.846234519676
   -1.752097222222    3.075108024691    0.914864583333    0.838057255498
   -1.752270833333    3.075455005787    0.914579861111    0.837555664063
   -1.750083333333    3.068095100309    0.913756944444    0.836171079282
   -1.744506944444    3.048542390046    0.910704861111    0.830645073785
   -1.732520833333    3.007113667052    0.898625000000    0.810139250579
   -1.752930555556    3.077853105710    0.916822916667    0.841572880498
   -1.753423611111    3.079289882330    0.917625000000    0.842998456790
   -1.741861111111    3.039141685957    0.907843750000    0.825582115644
   -1.741215277778    3.036974006559    0.905600694444    0.821922369309
   -1.745263888889    3.050357831790    0.912798611111    0.834201533565
   -1.749597222222    3.065962866512    0.914083333333    0.836677613812
   -1.748833333333    3.063029031636    0.914395833333    0.837170717593
   -1.750027777778    3.067250771605    0.915819444444    0.839645423418
   -1.733229166667    3.009873601466    0.898756944444    0.810305965471
   -1.736055555556    3.019771797840    0.901788194444    0.815513153453
   -1.755069444444    3.085470293210    0.916888888889    0.841730275849
   -1.742861111111    3.042470196759    0.910250000000    0.829682339892
   -1.748604166667    3.061475356867    0.914972222222    0.837937162423
   -1.751909722222    3.073570071373    0.916503472222    0.840893675251
   -1.746312500000    3.054352092978    0.912986111111    0.834571711034
   -1.742944444444    3.042745852623    0.910250000000    0.829707417052
   -1.734993055556    3.014671151620    0.907531250000    0.824723873939
   -1.745152777778    3.050026041667    0.912791666667    0.834175419560
   -1.746631944444    3.056309365355    0.907388888889    0.825568745177
   -1.742375000000    3.042074749228    0.907927083333    0.826113558546
   -1.745687500000    3.052749469522    0.913854166667    0.836188970872
   -1.750201388889    3.067880835262    0.914993055556    0.838213975694
   -1.744722222222    3.049031925154    0.910111111111    0.829555627894
   -1.744958333333    3.049846836420    0.910392361111    0.830193106192
   -1.744111111111    3.046615451389    0.912079861111    0.832961238908
   -1.746375000000    3.054536361883    0.913114583333    0.834810052566
   -1.741701388889    3.038639033565    0.909375000000    0.828359905478
   -1.746763888889    3.055926311728    0.912645833333    0.834035011574
   -1.749368055556    3.065349103009    0.913100694444    0.834887430073
   -1.756451388889    3.089940441744    0.917444444444    0.842725742670
   -1.742750000000    3.042215952932    0.907802083333    0.825587131076
   -1.743715277778    3.045484616127    0.910642361111    0.830474018615
   -1.745743055556    3.052916039738    0.910048611111    0.829961540316
   -1.747631944444    3.059171055170    0.913864583333    0.836154959973
   -1.736770833333    3.021907937886    0.903454861111    0.818380557967
   -1.739694444444    3.031511863426    0.908663194444    0.826903561439
   -1.738951388889    3.030785927855    0.898437500000    0.811491367670
   -1.738090277778    3.026531394676    0.907857638889    0.825729974441
   -1.739708333333    3.031301504630    0.908378472222    0.826411759742
   -1.741486111111    3.038301408179    0.907371527778    0.825031864873
   -1.742895833333    3.042566599151    0.908826388889    0.827531708140
   -1.747236111111    3.057577353395    0.912270833333    0.833365234375
   -1.746562500000    3.055712914738    0.910381944444    0.830544391397
   -1.752944444444    3.076992380401    0.915684027778    0.839431073978
   -1.756847222222    3.091355227623    0.915500000000    0.839486689815
   -1.743215277778    3.043241657022    0.912173611111    0.832981409144
   -1.733104166667    3.009644917052    0.901097222222    0.814029610340
   -1.737868055556    3.024737413194    0.909559027778    0.828236581308
   -1.749152777778    3.064528452932    0.913961805556    0.836574930073
   -1.744118055556    3.046862027392    0.909989583333    0.829488799672
   -1.736333333333    3.020282407407    0.906527777778    0.823201388889
   -1.731979166667    3.005578269676    0.902458333333    0.816144748264
   -1.744111111111    3.046947627315    0.910586805556    0.830475851177
   -1.755444444444    3.086474151235    0.914979166667    0.838391685957
   -1.743194444444    3.043316743827    0.912795138889    0.834113968461
   -1.756375000000    3.089461033951    0.918326388889    0.844189935378
   -1.749965277778    3.067181182485    0.913597222222    0.835869719329
   -1.742854166667    3.042250530478    0.910187500000    0.829480396412
   -1.746722222222    3.055838252315    0.911805555556    0.832502772955
   -1.751500000000    3.072736207562    0.915520833333    0.839160349151
   -1.762069444444    3.109349440586    0.922083333333    0.851033685378
   -1.748652777778    3.062265817901    0.911944444444    0.832761549961
   -1.754222222222    3.082056134259    0.917177083333    0.842207597897
   -1.740993055556    3.036626109182    0.910218750000    0.829830837674
   -1.753500000000    3.079267746914    0.917399305556    0.842534372589
   -1.744125000000    3.046865740741    0.908305555556    0.826527464313
   -1.741256944444    3.036610098380    0.908996527778    0.827541823399
   -1.748506944444    3.062497154707    0.913708333333    0.836131992670
   -1.752590277778    3.075702787423    0.914972222222    0.838140480324
   -1.748958333333    3.063144386574    0.913000000000    0.834626808449
   -1.740750000000    3.035250096451    0.909819444444    0.829014347029
   -1.744715277778    3.048672212577    0.911559027778    0.832052601755
   -1.739000000000    3.028935763889    0.907138888889    0.824130353009
   -1.749048611111    3.064186197917    0.915312500000    0.838783564815
   -1.754868055556    3.084020785108    0.917756944444    0.843128616898
   -1.751993055556    3.073545765818    0.915565972222    0.839079511478
   -1.745618055556    3.053105951003    0.909163194444    0.828346631462
   -1.752805555556    3.077093750000    0.916236111111    0.840477382330
   -1.749930555556    3.066939139660    0.913781250000    0.836018000096
   -1.745701388889    3.053034963349    0.910413194444    0.830130991995
   -1.743125000000    3.043447145062    0.910975694444    0.830959623360
   -1.747763888889    3.059224440586    0.913729166667    0.835973114390
   -1.747548611111    3.059199604552    0.913385416667    0.835395314911
   -1.754819444444    3.084089409722    0.916659722222    0.841366801698
   -1.741930555556    3.039354841821    0.911180555556    0.831399426119
   -1.744618055556    3.049839168596    0.910041666667    0.829893783758
   -1.753402777778    3.078613715278    0.915763888889    0.839526475694
   -1.742638888889    3.042206500772    0.909190972222    0.828111942998
   -1.750034722222    3.068347656250    0.912732638889    0.834417450328
   -1.728812500000    2.995897328318    0.897194444444    0.808390576775
   -1.736312500000    3.020330295139    0.909854166667    0.828892023534
   -1.753319444444    3.078857445988    0.916989583333    0.841771592882
   -1.739131944444    3.029643277392    0.906569444444    0.823221113040
   -1.743555555556    3.045567226080    0.909812500000    0.829111038773
   -1.747972222222    3.060711902006    0.912909722222    0.834715012539
   -1.745659722222    3.052917293596    0.910777777778    0.830969810957
   -1.753208333333    3.077721450617    0.917579861111    0.842693516107
   -1.743881944444    3.046029755015    0.911687500000    0.832326678241
   -1.744430555556    3.048675636574    0.908961805556    0.827796911169
   -1.743611111111    3.045067322531    0.911295138889    0.831579101563
   -1.751493055556    3.072355082948    0.916475694444    0.840840121046
   -1.741868055556    3.039159770448    0.911149305556    0.831286976755
   -1.750687500000    3.069541618441    0.914128472222    0.836640564718
   -1.744097222222    3.046602044753    0.911211805556    0.831450484664
   -1.749909722222    3.067459249614    0.912829861111    0.834545753762
   -1.736423611111    3.020821132330    0.900809027778    0.814154791184
   -1.739180555556    3.029786844136    0.907829861111    0.825439609857
   -1.737555555556    3.024592785494    0.907288194444    0.824578860436
   -1.742750000000    3.042398726852    0.908458333333    0.827073133681
   -1.730361111111    2.999686728395    0.902034722222    0.815343460648
   -1.744208333333    3.046967785494    0.909479166667    0.828588831019
   -1.753291666667    3.078253472222    0.916024305556    0.839985713252
   -1.752465277778    3.075204041281    0.915142361111    0.838340000482
   -1.745479166667    3.051316502701    0.911600694444    0.832004159433
   -1.745902777778    3.053114872685    0.911423611111    0.831982156636
   -1.737263888889    3.023275366512    0.905503472222    0.821372576678
   -1.743076388889    3.043645495756    0.911628472222    0.832166100019
   -1.736041666667    3.018554108796    0.905899305556    0.822032009549
   -1.732625000000    3.006878954475    0.902479166667    0.815976200810
   -1.748034722222    3.060600260417    0.914909722222    0.838058376736
   -1.746034722222    3.054139419367    0.910593750000    0.830689127604
   -1.747347222222    3.058198013117    0.912229166667    0.833472776813
   -1.747659722222    3.058872540509    0.913489583333    0.835545030382
   -1.757527777778    3.093787037037    0.918975694444    0.845428566262
   -1.743513888889    3.045253182870    0.912770833333    0.834381727431
   -1.746548611111    3.055710599923    0.911618055556    0.832481577932
   -1.753875000000    3.080311631944    0.916607638889    0.841027138792
   -1.731215277778    3.002803674769    0.897503472222    0.808136224441
   -1.732680555556    3.007320408951    0.902461805556    0.816291582272
   -1.740729166667    3.035428674769    0.910326388889    0.829856143904
   -1.748631944444    3.063095437886    0.913996527778    0.836576883198
   -1.755020833333    3.084440731096    0.917326388889    0.842391782407
   -1.745201388889    3.050572000386    0.911444444444    0.831821108218
   -1.751451388889    3.072413532022    0.914506944444    0.837422767168
   -1.740104166667    3.032836660880    0.907288194444    0.824765130691
   -1.750930555556    3.070305748457    0.914906250000    0.838042305652
   -1.741027777778    3.036752121914    0.909430555556    0.828388044946
   -1.735138888889    3.016049768519    0.905236111111    0.821008077739
   -1.749340277778    3.064838011188    0.915649305556    0.839430881076
   -1.743930555556    3.046003858025    0.909409722222    0.828193913966
   -1.745965277778    3.053284481096    0.913222222222    0.834995442708
   -1.751326388889    3.072212143133    0.915677083333    0.839555398823
   -1.722576388889    2.974688802083    0.882437500000    0.785614438657
   -1.735305555556    3.017776234568    0.898913194444    0.811023353106
   -1.747395833333    3.058086660880    0.912708333333    0.834180893133
   -1.751819444444    3.073808352623    0.915340277778    0.838889564043
   -1.741819444444    3.040247010031    0.905513888889    0.822141034915
   -1.742930555556    3.042794463735    0.911437500000    0.831803071952
   -1.742923611111    3.042426359954    0.910302083333    0.829898208430
   -1.738458333333    3.028059895833    0.905388888889    0.821998794367
   -1.755250000000    3.085342785494    0.917788194444    0.843298599055
   -1.748111111111    3.060997492284    0.914850694444    0.838090241609
   -1.745562500000    3.051477575231    0.911673611111    0.832161530671
   -1.748798611111    3.063183690201    0.913934027778    0.836319360050
   -1.751958333333    3.072961033951    0.916746527778    0.841106059510
   -1.740201388889    3.033081934799    0.910451388889    0.830030719522
   -1.745784722222    3.052632378472    0.909829861111    0.829288857542
   -1.745500000000    3.051441550926    0.913079861111    0.834777621046
   -1.744201388889    3.046644531250    0.912965277778    0.834373987269
   -1.746166666667    3.053812210648    0.912065972222    0.833081223476
   -1.744055555556    3.047049093364    0.911340277778    0.831652705440
   -1.750138888889    3.067898726852    0.913142361111    0.835067720390
   -1.731361111111    3.003662037037    0.904166666667    0.819253737461
   -1.746118055556    3.053989824460    0.913631944444    0.835845486111
   -1.745027777778    3.049775752315    0.911225694444    0.831533914448
   -1.728048611111    2.994332224151    0.887020833333    0.793997564622
   -1.752993055556    3.077350646219    0.916854166667    0.841476056134
   -1.751680555556    3.073116705247    0.915350694444    0.838929241416
   -1.752680555556    3.076243152006    0.915965277778    0.839924479167
   -1.749472222222    3.064999614198    0.914795138889    0.837717363522
   -1.739291666667    3.031304976852    0.904750000000    0.820599850502
   -1.748805555556    3.062638985340    0.913260416667    0.835203860436
   -1.740708333333    3.034630497685    0.908357638889    0.826278609664
   -1.745375000000    3.051186053241    0.912402777778    0.833696132330
   -1.738451388889    3.027550298997    0.908170138889    0.826067189911
   -1.744437500000    3.048087818287    0.911291666667    0.831776162230
   -1.747659722222    3.059787278164    0.912864583333    0.834632052951
   -1.753833333333    3.081252989969    0.915027777778    0.838661699460
   -1.745916666667    3.052724922840    0.912170138889    0.833121250482
   -1.737798611111    3.025937644676    0.902253472222    0.816706753954
   -1.749993055556    3.067803578318    0.913187500000    0.835297839506
   -1.742361111111    3.040364004630    0.912003472222    0.832697663484
   -1.747388888889    3.057900462963    0.913670138889    0.835744876061
   -1.749958333333    3.066826774691    0.913024305556    0.834716905382
   -1.758534722222    3.097376784336    0.917826388889    0.843437210648
   -1.745416666667    3.051920621142    0.907579861111    0.826095449942
   -1.756555555556    3.089709297840    0.917868055556    0.843384837963
   -1.740965277778    3.036158323688    0.908878472222    0.827898907697
   -1.750680555556    3.069293885031    0.915194444444    0.838479383681
   -1.744020833333    3.047595244985    0.908576388889    0.827232687114
   -1.744708333333    3.048178915895    0.912850694444    0.834132149402
   -1.752902777778    3.077531828704    0.916451388889    0.840887104552
   -1.754645833333    3.083090904707    0.916194444444    0.840476080247
   -1.749513888889    3.065770351080    0.917229166667    0.842141782407
   -1.747562500000    3.058768084491    0.913885416667    0.836288327064
   -1.753618055556    3.079861062886    0.916555555556    0.841045548804
   -1.747534722222    3.058496865355    0.912138888889    0.833033516590
   -1.752159722222    3.074591290509    0.915996527778    0.839977080922
   -1.741659722222    3.037647521219    0.909440972222    0.828166292921
   -1.746951388889    3.056594184028    0.913791666667    0.835976538387
   -1.739611111111    3.030955825617    0.907951388889    0.825768952546
   -1.749576388889    3.065657069830    0.914927083333    0.838005630305
   -1.745312500000    3.051113859954    0.911239583333    0.831454704379
   -1.749354166667    3.065467158565    0.915197916667    0.838648521894
   -1.755465277778    3.085842447917    0.917152777778    0.842069082755
   -1.733201388889    3.009441406250    0.904104166667    0.819136067708
   -1.731187500000    3.002042390046    0.903625000000    0.818098451968
   -1.754430555556    3.082695216049    0.915864583333    0.839908962674
   -1.746305555556    3.055298900463    0.911190972222    0.831601068191
   -1.758069444444    3.094890142747    0.918878472222    0.845088360822
   -1.749048611111    3.063808979552    0.913993055556    0.836487798997
   -1.753361111111    3.078431134259    0.917298611111    0.842205897955
   -1.738152777778    3.027731385031    0.902121527778    0.816855336130
   -1.739798611111    3.031975260417    0.908652777778    0.826923779900
   -1.761555555556    3.107624807099    0.920211805556    0.847786181038
   -1.747166666667    3.056948302469    0.912541666667    0.833714023920
   -1.757930555556    3.095286072531    0.917940972222    0.843657829379
   -1.749458333333    3.064849729938    0.916229166667    0.840248215664
   -1.748951388889    3.064069106867    0.911388888889    0.832309220679
   -1.750090277778    3.067921055170    0.914333333333    0.837246141975
   -1.740416666667    3.034017361111    0.908871527778    0.827471510899
   -1.753833333333    3.080185860340    0.916173611111    0.840223210841
   -1.742125000000    3.039703317901    0.909385416667    0.828326666184
   -1.743083333333    3.042709394290    0.909614583333    0.828459960937
   -1.745270833333    3.051345727238    0.914444444444    0.837220389660
   -1.747618055556    3.058900221836    0.914173611111    0.836650679977
   -1.733430555556    3.010009259259    0.902274305556    0.815612473476
   -1.744361111111    3.047741801698    0.910131944444    0.829665268133
   -1.746430555556    3.054872106481    0.908489583333    0.827198700328
   -1.732979166667    3.011764515818    0.881805555556    0.786587866512
   -1.740645833333    3.034955680941    0.909895833333    0.829066382137
   -1.735375000000    3.016626639660    0.907739583333    0.825134126640
   -1.742062500000    3.039575858410    0.907545138889    0.825029742959
   -1.741708333333    3.039004340278    0.907951388889    0.825986062886
   -1.747416666667    3.058568287037    0.911208333333    0.831715446566
   -1.738694444444    3.027584201389    0.909850694444    0.828858109086
   -1.733194444444    3.009975405093    0.906659722222    0.823378737461
   -1.743812500000    3.046155815972    0.912309027778    0.833439585745
   -1.749402777778    3.065090567130    0.914045138889    0.836516360436
   -1.736604166667    3.021345052083    0.905076388889    0.820668016975
   -1.745534722222    3.052369743441    0.909145833333    0.828293306327
   -1.746305555556    3.054598090278    0.912538194444    0.833813765914
   -1.742798611111    3.043137008102    0.908090277778    0.826757282022
   -1.745708333333    3.052770929784    0.910975694444    0.831249023437
   -1.748069444444    3.060647665895    0.913684027778    0.836024293499
   -1.737881944444    3.025045862269    0.906857638889    0.823676806038
   -1.736000000000    3.018966724537    0.904513888889    0.819459080826
   -1.747506944444    3.059294897762    0.912201388889    0.833485990548
   -1.739770833333    3.032400993441    0.908711805556    0.827190694927
   -1.744972222222    3.049571952160    0.912736111111    0.834028549383
   -1.753666666667    3.080003279321    0.915788194444    0.839717604649
   -1.744715277778    3.048694492670    0.911777777778    0.832449339313
   -1.733354166667    3.009989728009    0.903729166667    0.818551432292
   -1.738187500000    3.026094184028    0.908909722222    0.827314573688
   -1.749645833333    3.066371190201    0.913131944444    0.835007812500
   -1.751875000000    3.073390625000    0.916059027778    0.840085660204
   -1.743770833333    3.045959538966    0.908548611111    0.826861955054
   -1.741444444444    3.037788580247    0.908548611111    0.826799286265
   -1.748152777778    3.061019868827    0.912885416667    0.834580910012
   -1.746006944444    3.054570071373    0.907885416667    0.826402355806
   -1.743187500000    3.043774064429    0.908072916667    0.826326883198
   -1.743118055556    3.043107108410    0.910763888889    0.830546513310
   -1.755576388889    3.086124469522    0.918173611111    0.843786120756
   -1.742354166667    3.041242717978    0.911545138889    0.832119779610
   -1.747500000000    3.059679012346    0.909434027778    0.829545030382
   -1.734541666667    3.014088734568    0.904329861111    0.819249529803
   -1.752111111111    3.074780189043    0.914947916667    0.838247456115
   -1.740666666667    3.034859953704    0.910281250000    0.829800021701
   -1.746083333333    3.053835648148    0.907961805556    0.825921645930
   -1.735215277778    3.015504677855    0.906288194444    0.822531045042
   -1.734631944444    3.015108748071    0.902704861111    0.816974476755
   -1.744520833333    3.049396749614    0.911059027778    0.831332766686
   -1.744930555556    3.049265335648    0.914326388889    0.836814766590
   -1.744520833333    3.048868489583    0.908006944444    0.826026909722
   -1.735722222222    3.018853009259    0.906513888889    0.823362196181
   -1.741763888889    3.038752700617    0.907472222222    0.824918716242
   -1.749291666667    3.065114583333    0.911673611111    0.832520206404
   -1.748263888889    3.062295814043    0.909413194444    0.829161349826
   -1.735680555556    3.018200520833    0.903225694444    0.817855046779
   -1.755048611111    3.084623697917    0.917604166667    0.842890287423
   -1.747569444444    3.059049382716    0.912069444444    0.833116825810
   -1.749833333333    3.066520158179    0.914371527778    0.837003074363
   -1.752409722222    3.075861641590    0.917111111111    0.842024715471
   -1.754569444444    3.082648919753    0.917836805556    0.843212565104
   -1.750951388889    3.070680700231    0.915625000000    0.839376253858
   -1.746590277778    3.055609616127    0.912614583333    0.833996226370
   -1.741937500000    3.038957899306    0.911138888889    0.831123987269
   -1.751645833333    3.072403211806    0.915680555556    0.839277801890
   -1.750354166667    3.068902247299    0.914340277778    0.837171296296
   -1.745736111111    3.052148919753    0.912569444444    0.833834008488
   -1.735576388889    3.017449122299    0.907100694444    0.824077534240
   -1.745805555556    3.053605709877    0.906625000000    0.824393397955
   -1.742604166667    3.041703173225    0.909413194444    0.828374939718
   -1.750104166667    3.066965133102    0.915736111111    0.839362533758
   -1.738562500000    3.028023292824    0.906746527778    0.823584912712
   -1.743409722222    3.043868586034    0.912006944444    0.832795138889
